0 223 60
1 255 445
2 35 26
3 491 277
4 17 358
5 23 126
6 741 194
7 1027 75
8 953 67
9 864 71
10 751 544
11 204 165
12 405 164
13 890 101
14 803 42
15 685 97
16 741 293
17 684 313
18 442 176
19 280 65
20 348 252
21 135 217
22 124 213
23 74 232
24 156 90
25 474 179
26 998 83
27 981 81
28 563 313
29 563 313
30 563 313
31 563 313
32 563 313
33 563 313
34 563 313
35 563 313
36 563 313
37 563 313
38 563 313
39 563 313
40 570 300
41 570 300
42 570 300
43 570 300
44 570 300
45 570 300
46 570 300
47 570 300
48 570 300
49 570 300
50 570 300
51 570 300
52 570 300
53 570 300
54 570 300
55 570 300
56 570 300
57 570 300
58 570 300
59 570 300
60 570 300
61 570 300
62 570 300
63 570 300
64 570 300
65 570 300
66 570 300
67 736 434
68 755 622
69 716 638
70 756 682
71 744 687
72 744 687
73 744 687
74 744 687
75 744 687
76 744 687
77 744 687
78 744 687
79 744 687
80 744 687
81 744 687
82 744 687
83 744 687
84 744 687
85 744 687
86 744 687
87 744 687
88 744 687
89 744 687
90 744 687
91 744 687
92 744 687
93 744 687
94 744 687
95 744 687
96 744 687
97 744 687
98 744 687
99 744 687
100 744 687
101 744 687
102 744 687
103 744 687
104 744 687
105 744 687
106 744 687
107 744 687
108 744 687
109 744 687
110 744 687
111 744 687
112 744 687
113 744 687
114 744 687
115 744 687
116 744 687
117 744 687
118 744 687
119 821 713
120 907 748
121 907 748
122 907 748
123 907 748
124 626 527
125 626 527
126 626 527
127 626 527
128 626 527
129 626 527
130 626 527
131 626 527
132 626 527
133 626 527
134 626 527
135 626 527
136 626 527
137 626 527
138 626 527
139 626 527
140 626 527
141 626 527
142 626 527
143 626 527
144 626 527
145 626 527
146 626 527
147 626 527
148 626 527
149 626 527
150 539 544
151 539 544
152 539 544
153 539 544
154 539 544
155 539 544
156 539 544
157 539 544
158 539 544
159 539 544
160 539 544
161 539 544
162 539 544
163 539 544
164 539 544
165 539 544
166 539 544
167 539 544
168 539 544
169 539 544
170 539 544
171 539 544
172 539 544
173 539 544
174 539 544
175 539 544
176 539 544
177 539 544
178 539 544
179 539 544
180 539 544
181 539 544
182 539 544
183 539 544
184 539 544
185 539 544
186 539 544
187 539 544
188 539 544
189 539 544
190 539 544
191 539 544
192 539 544
193 539 544
194 539 544
195 539 544
196 539 544
197 539 544
198 539 544
199 539 544
200 539 544
201 539 544
202 539 544
203 539 544
204 539 544
205 539 544
206 539 544
207 539 544
208 539 544
209 546 568
210 613 762
211 613 762
212 620 44
213 659 37
214 872 103
215 437 110
216 437 110
217 687 378
218 854 566
219 10 626
220 19 609
221 673 609
222 589 506
223 130 101
224 44 32
225 0 348
226 17 136
227 45 137
228 455 284
229 630 319
230 631 321
231 707 90
232 707 91
233 623 79
234 735 172
235 735 172
236 735 172
237 735 172
238 735 172
239 735 172
240 735 172
241 735 172
242 735 172
243 735 172
244 735 172
245 735 172
246 735 172
247 735 172
248 735 172
249 735 172
250 735 172
251 735 172
252 735 172
253 735 172
254 735 172
255 595 278
256 764 52
257 577 329
258 531 173
259 834 77
260 567 330
261 567 330
262 567 330
263 567 330
264 567 330
265 567 330
266 567 330
267 567 330
268 567 330
269 567 330
270 567 330
271 567 330
272 567 330
273 567 330
274 567 330
275 567 330
276 567 330
277 567 330
278 567 330
279 567 330
280 567 330
281 567 330
282 567 330
283 567 330
284 567 330
285 567 330
286 567 330
287 567 330
288 567 330
289 567 330
290 567 330
291 716 394
292 875 418
293 728 253
294 727 251
295 727 251
296 727 251
297 385 283
298 385 283
299 385 283
300 385 283
301 385 283
302 385 283
303 385 283
304 385 283
305 385 283
306 385 283
307 385 283
308 385 283
309 385 283
310 385 283
311 385 283
312 385 283
313 385 283
314 385 283
315 385 283
316 385 283
317 0 48
318 21 75
319 471 342
320 270 540
321 410 448
322 413 471
323 594 563
324 813 314
325 800 311
326 800 312
327 682 319
328 249 37
329 254 33
330 254 33
331 261 177
332 233 234
333 526 285
334 184 68
335 405 240
336 543 232
337 900 471
338 893 469
339 884 432
340 776 402
341 760 383
342 505 331
343 505 331
344 505 331
345 505 331
346 505 331
347 505 331
348 505 331
349 505 331
350 505 331
351 505 331
352 505 331
353 505 331
354 505 331
355 547 295
356 1184 64
357 466 317
358 731 76
359 390 70
360 650 559
361 0 418
362 22 611
363 551 548
364 438 544
365 74 75
366 47 39
367 47 39
368 0 375
369 16 129
370 327 179
371 536 265
372 536 265
373 536 265
374 536 265
375 536 265
376 536 265
377 536 265
378 536 265
379 593 294
380 542 208
381 268 198
382 262 364
383 263 478
384 260 593
385 260 593
386 260 593
387 260 593
388 252 522
389 293 173
390 653 153
391 451 188
392 219 229
393 212 236
394 212 236
395 212 236
396 212 236
397 212 236
398 212 236
399 212 236
400 212 236
401 212 236
402 212 236
403 212 236
404 260 248
405 259 247
406 259 247
407 259 247
408 259 247
409 259 247
410 259 247
411 259 247
412 259 247
413 259 247
414 259 247
415 259 247
416 259 247
417 259 247
418 259 247
419 259 247
420 259 247
421 262 247
422 335 185
423 809 158
424 866 158
425 899 157
426 900 168
427 889 176
428 873 194
429 862 204
430 844 232
431 835 247
432 834 257
433 834 278
434 857 265
435 857 265
436 857 265
437 857 265
438 819 204
439 817 196
440 817 196
441 834 201
442 858 194
443 839 202
444 839 202
445 839 202
446 499 195
447 493 192
448 511 188
449 511 188
450 511 188
451 511 188
452 511 188
453 511 188
454 511 188
455 511 188
456 511 188
457 511 188
458 511 188
459 511 188
460 511 188
461 511 188
462 511 188
463 511 188
464 511 188
465 732 355
466 807 441
467 845 465
468 855 480
469 853 454
470 853 454
471 775 604
472 826 520
473 828 534
474 828 543
475 829 555
476 829 552
477 830 541
478 834 539
479 836 544
480 841 558
481 841 568
482 841 568
483 841 568
484 808 545
485 808 545
486 808 545
487 808 545
488 830 525
489 841 530
490 843 547
491 843 552
492 843 552
493 843 552
494 844 556
495 841 533
496 841 528
497 841 528
498 841 528
499 841 528
500 841 528
501 841 551
502 843 587
503 831 257
504 834 277
505 824 270
506 816 400
507 816 434
508 816 434
509 816 434
510 804 517
511 810 517
512 821 517
513 823 517
514 823 517
515 823 517
516 823 517
517 823 517
518 823 518
519 821 552
520 821 552
521 821 552
522 821 552
523 840 566
524 853 584
525 853 584
526 853 584
527 853 584
528 853 584
529 853 584
530 853 584
531 857 592
532 861 608
533 861 608
534 861 608
535 0 516
536 19 603
537 59 591
538 163 253
539 41 37
540 0 409
541 18 144
542 1021 182
543 1097 72
544 511 445
545 511 445
546 511 445
547 511 445
548 511 445
549 194 582
550 202 590
551 842 590
552 651 580
553 443 60
554 437 66
555 655 88
556 655 88
557 655 88
558 655 88
559 655 88
560 655 88
561 655 88
562 655 88
563 1090 65
564 921 234
565 921 234
566 921 234
567 921 234
568 921 234
569 921 234
570 921 234
571 921 234
572 921 234
573 923 76
574 551 434
575 551 434
576 621 374
577 621 374
578 621 374
579 621 374
580 621 374
581 621 374
582 621 374
583 621 374
584 621 374
585 621 374
586 621 374
587 621 374
588 621 374
589 621 374
590 621 374
591 621 374
592 621 374
593 1095 47
594 1139 70
595 730 454
596 891 82
597 529 559
598 529 559
599 529 559
600 529 559
